6231
-5532
7823
-1883
5163
1693
7853
-9391
3523
5503
1303
6163
4993
8263
-796
4328
1693
2973
2343
4713
2263
2027
7523
4103
6093
5373
4084
8663
79494
8883
3783
20333
8653
-30956
-1277
2973
612
85473
2207
4324
5433
6933
7623
-9075
5842
-8489
3063
5903
71951
9893
8603
8343
2373
5587
7013
9045
4783
8747
1583
2873
-2194
3953
-73457
9477
-5876
8773
2253
7413
4503
5753
8397
7303
2803
7243
1073
9693
8863
-1584
-8766
8283
71573
2443
7513
9983
2223
-9149
1763
-17639
7354
-63557
3403
2423
-7174
1133
2603
2733
8833
6863
16243
2673
5283
5423
8109
4223
5461
9683
5291
3863
3563
7223
9153
-7312
4843
3354
-4818
4713
3163
6893
9073
4053
-5896
35210
38189
9663
1093
7833
2563
7733
1883
2693
37403
1413
-318
-5925
3713
3563
4903
9678
5593
9713
-533
6863
8563
3353
63133
47166
9603
7853
4543
4013
7093
2153
3378
5973
1983
6003
5347
5013
9873
-9043
6745
4203
2983
6643
6923
7481
6813
2423
3783
2553
8363
9753
9373
1843
6179
8043
7893
2103
58114
2193
-7293
4393
7511
4397
38687
-60467
3953
1063
7823
1833
1633
5124
-8688
2963
5823
3283
8632
6263
3453
-7044
6243
1003
-8299
-2189
-1901
322
5353
1183
3145
7123
4203
-6002
1123
5883
3173
8473
3743
3353
5333
9233
4323
-25469
80747
6003
1513
-7673
6533
-3138
-288
3213
9863
1543
9703
8063
4503
1723
3013
-1904
6033
9233
-48553
5293
7773
66212
5613
7323
7223
3123
1183
4033
2633
1832
2203
8953
1384
2843
6713
8923
4813
1033
6373
2763
9303
7273
6302
5773
4843
7803
1943
5783
3933
2703
5833
2843
7223
-6591
4373
1223
1863
2563
4593
2052
60699
7062
9003
3663
4783
1173
6723
5773
4688
6873
6593
785
7283
52
6693
1377
2973
9053
-9941
5723
26805
-3353
8613
7533
3853
3143
7273
6643
-8457
5853
9093
6553
3473
5263
2414
4373
-31400
7953
-26967
8703
-8319
2213
9233
9353
6377
6083
1433
-8892
5339
4843
1703
-54168
62206
9483
5613
1833
7323
6113
3633
1795
8923
7463
1063
-4676
8623
7453
7513
9253
-72649
9986
-6995
65427
8753
5293
-2747
1713
3123
7523
1903
2703
4243
-24163
9333
-5073
1733
1523
8383
2857
5503
-3109
80193
4403
5043
7173
-2028
4893
-11955
3233
-41898
4893
6863
1103
1233
6183
3773
3313
5703
-78467
1143
-13241
2643
6912
2633
1213
-3769
86200
8213
-7976
9314
4883
2043
2873
7733
-8382
5773
-1486
7683
5603
8903
6873
1243
883
4333
5043
5303
-1857
6109
-9620
-13476
2596
4893
6753
-1546
3593
3933
-2937
5383
9153
6893
447
7413
2563
5873
-88148
7853
1283
8923
9835
212
8933
-9937
-6699
-5886
6533
2763
1213
4621
-3382
-1049
8343
9373
-5812
42337
7773
4633
2383
4324
5753
4763
4453
3373
1383
-2294
3403
9583
-5415
3873
3783
-6591
8498
-12437
8803
-7599
5993
9473
-79129
4613
6313
2953
4213
-7882
4743
9583
62216
5783
4183
-2973
2333
-11581
-5548
8285
-4467
2913
1113
5156
-3721
1703
7913
4934
1873
9656
9154
79131
5052
9723
-1967
4862
-67440
8573
-2927
6623
2513
9253
-9129
6053
-2016
9093
-5926
4913
-6796
7833
7834
2839
6623
7613
-73273
7393
3823
1363
3773
4483
7953
3338
-8757
2583
8013
8064
9653
5383
8173
9885
2203
80688
4433
7793
1973
2143
6343
4583
6553
21228
8453
2183
5253
9623
3303
5023
4533
-2394
6653
-13919
3436
3023
7968
81330
9313
-4636
7353
7933
4923
3303
2073
1663
-7657
6943
4173
1153
1683
6493
2173
8353
7649
2423
-4196
-2542
49330
-7467
6493
5193
38825
1313
-4398
6913
8433
-5094
816
1653
40019
1833
8383
2823
5223
4763
5944
9083
1703
-2261
6523
27258
-5479
7083
6043
7253
9853
-6469
2913
2529
-2182
1823
2943
2023
1252
3893
7413
8013
74555
4122
-3811
-3963
1943
-82150
1263
4163
-8022
8023
4893
4893
-2496
4563
5983
6993
5523
1113
75053
3493
1793
1743
8183
-939
5114
-6425
3252
7843
-6007
-3359
4733
4563
6803
2803
2323
8213
-3962
3763
-11103
6273
4443
1153
2149
1909
41236
3863
-9211
4993
8673
8003
5233
3137
2683
4353
4363
7283
-8405
6893
6173
-4705
2883
7983
5893
-6695
4103
4383
-83247
7043
-88781
8543
3143
2283
3853
-6735
6063
33308
7707
9843
3433
5835
3893
4483
2063
5743
2153
2331
4745
3093
1143
4153
-6188
-6623
5333
1561
296
7193
8973
-6406
-6933
1873
3803
-2018
-6521
1413
2193
4993
-25554
-5898
4373
1796
7053
-7273
-74648
5973
-4497
5473
-6896
1563
3643
5673
-3374
-7667
4203
70298
4523
9712
6103
5833
2033
3323
76231
6996
8243
5893
456
9963
4417
9843
4173
3833
3103
2533
7863
8303
-7789
2403
4363
-1051
3023
1066
-9625
-2762
4313
3703
2623
1353
9063
-3976
-57704
1944
1243
3253
-8095
-1819
7603
2339
-4567
1663
6993
6943
8353
8233
-7692
3363
8293
3754
31188
1963
309
7563
6683
2133
28834
7184
9883
8523
-15114
8713
7833
3553
6233
-1834
2303
4243
8903
61110
-356
-5133
1793
8663
8753
1153
2873
3093
3973
9293
6683
6553
2123
9773
-1827
6603
4713
3183
-6568
3936
2223
2003
8803
2153
6413
6793
2333
-8045
28171
4893
7762
8183
1213
7043
7463
3603
7457
-21606
8173
8463
5163
8961
8474
5402
3003
-6696
7495
9873
8663
18005
7593
3763
4823
1283
9393
6889
9583
2863
4273
5743
-89537
-46675
4483
4973
8033
-7468
1733
5013
1416
-3961
7173
3883
4003
-15682
3613
59468
1103
3563
3153
3254
7033
8352
-2785
5563
6053
9003
36504
4033
4263
3293
5983
1953
2083
2913
8223
2156
-7569
4763
4373
6183
8483
-8677
2443
3463
8357
5893
3613
2123
6612
2283
-9739
62109
8173
6243
4508
-2938
-36592
8813
3817
5913
2833
2443
6203
-38301
-66164
7823
-52793
2573
9463
1013
7783
-9304
-3677
6373
5873
1933
5663
3563
3023
1933
2143
5973
1983
4493
8473
-8459
7723
2763
5643
5757
-9849
6341
5523
5573
5884
4993
7173
1833
6713
5393
8813
9533
4821
8331
-7209
2552
1443
7793
-4349
5423
9893
1103
7083
9773
7923
-57646
81300
-4092
-65423
6623
-3636
4253
1788
4133
-6517
4793
141
-7588
3943
6573
1863
1963
7701
-84324
5733
5953
9299
5032
-77606
8843
3684
-69532
-61884
33921
-48207
3833
5243
2013
9433
-49709
-3811
-56255
2193
9223
-3709
-1747
1373
4273
4193
77664
-2426
6713
1563
3033
4753
1563
4898
2873
7693
5223
9283
5372
7053
8903
-455
-9204
5493
9663
-7292
5223
2103
-2372
4013
2733
8573
817
3143
5733
1425
8623
1063
1533
3483
8073
12149
36761
4523
3654
-1466
-5803
1393
9583
-29527
9757
3693
3103
6593
1183
8323
2713
6073
6963
1396
2343
3323
7923
9223
8523
13581
9763
7003
-71610
-22911
9183
-78532
8853
63
-47367
4743
2063
9164
78216
8413
9973
-8137
-49124
7323
7736
-7904
1763
5063
3823
8662
7533
9383
-3937
-2397
2343
1073
-3816
6993
4423
5773
9253
-1902
5623
2793
-6558
9433
-3872
9753
9303
7503
8713
-6759
7293
10133
2203
2563
9143
9689
-6785
5363
16374
2189
-3179
3153
9963
37464
7144
7883
4163
6593
-4631
-53877
7254
2383
6273
3583
2423
3409
4593
4633
9853
8863
7233
5303
5803
9703
2983
8603
57337
-75995
5703
1753
9147
30054
8483
8643
-34768
2234
3903
-7399
2723
9303
6474
5113
6333
7003
5723
-9433
8966
3453
-3137
2713
1923
2893
1763
1903
1393
2936
9553
-3594
-8259
6533
1383
5835
-7338
-9625
-7078
-744
-1836
2553
5653
6923
9341
9933
6423
87351
7883
-8214
5823
-7378
1233
5843
3533
8783
-8627
3813
4053
3213
6153
4023
-4342
-47909
74798
-2974
2423
-2981
8808
-3268
3393
1223
2513
2953
6563
7363
9523
7893
3443
-8441
4183
5013
2963
8213
1123
5793
3743
8483
9453
4323
8013
3403
3083
9623
-156
-4491
-382
7223
7665
4123
9323
9423
10628
5333
8523
8123
9449
8323
2323
-8365
1693
6763
-3673
-85508
6833
8953
-4163
5013
5253
3573
4392
1523
9313
6693
1573
8503
8113
8476
6923
8233
1133
75854
7593
9473
2753
3233
8995
-1534
6273
-70983
3073
6162
9033
7523
7973
-1405
9843
8525
4453
5174
-855
-295
8673
4213
6653
8503
1403
2803
9493
3643
4293
67526
9993
-775
5773
6023
-8966
3253
9693
7923
6923
-5767
5283
5453
-42691
5563
9743
5463
6703
6173
83362
7203
4193
6973
-2403
5613
3543
8599
1543
-7728
9783
4053
5463
5133
4233
1773
5314
9923
4893
4551
8213
9473
3373
-9164
3923
8403
8273
8083
4313
8693
3923
5993
8243
9182
52179
2333
1213
5003
7683
8663
4773
72042
2143
-44965
6523
1599
5298
1293
3773
6493
3396
5453
9883
-3989
-79
2913
-23033
8233
9573
-7673
1753
8697
7443
7083
7813
4163
2933
5644
7393
3993
1253
-9892
63818
-9184
8993
1773
7913
7833
-8926
7743
1614
3623
9614
-181
7898
4353
6423
1243
-5213
2243
1233
-26521
-7408
7863
-8864
8183
2283
2503
-7351
-4067
9323
1783
1693
7563
8163
5233
5213
4833
35958
-42832
5463
1523
7883
2853
7331
-3753
4733
2293
12079
7773
8393
1813
3323
9442
7743
-29858
1253
9973
1813
2896
4193
5843
-1145
19784
5513
-9528
5813
6063
9773
2443
826
3663
42879
-2916
2759
2427
2393
7143
9581
1323
6293
8203
512
9763
4983
9453
6433
8923
3963
-7713
-26709
7203
7098
-9717
8433
6243
-9171
3203
3369
-6727
1863
5953
8733
5603
4413
6793
6383
3883
5813
6723
6513
8423
1143
1623
2753
8323
5613
3683
3843
9293
7263
-8471
-53067
7363
-3974
6593
-51567
2203
9292
5963
2059
9933
2013
7213
84357
-6752
7229
7483
4873
4123
8083
-44557
2223
3763
-1536
6483
-1389
3773
2393
9053
8633
5853
53872
-9524
1254
5843
6193
5963
9263
-8346
3803
8123
7473
8783
1153
1293
4403
9283
1133
6113
-749
2503
9713
6883
1973
2203
8923
-29637
9803
-9648
1393
-8045
1761
6723
5073
-6421
5953
3593
3163
8733
1253
-56822
-87401
5353
7352
88113
5363
7343
1763
6653
-2753
8648
2413
45137
4113
3823
4083
8416
6733
3593
9453
2993
6443
-5423
9113
24667
653
-27177
9453
8973
4253
4163
26150
1453
6773
1573
2583
-6116
6933
6883
7563
6243
7176
5944
1053
-8038
3783
-9319
2983
3463
3303
-1407
9278
7013
8923
3433
8846
2953
2363
3573
3483
6763
-9798
-7751
6787
3643
1015
8493
3733
6853
2213
8453
1313
-5395
6133
1763
8443
7833
8149
2423
3673
-65390
3436
-3818
6093
1563
5483
7093
6873
9567
8183
9873
6313
8193
3943
-7648
1693
1303
9439
1093
2063
-5063
4115
-33853
5223
-5812
9603
-2404
6533
54371
8803
-76133
2073
915
2379
5029
-3624
-50822
7003
4303
8813
79623
4002
7435
2273
273
7983
5441
5433
2174
4773
2273
4389
4183
8963
-73411
8573
1993
6749
-4669
-8214
5193
-8043
2093
9793
3501
5613
8083
4143
5743
7493
5063
8043
3283
8638
1973
-15805
5123
2147
6773
7273
6802
3383
7973
3953
6533
7003
4273
3033
1333
7783
8163
-115
5803
2898
2673
5253
798
-1925
15834
1603
4753
8994
3483
1115
3043
-47994
1783
6433
8663
7963
9683
5623
7863
1343
9533
6783
5333
8833
3623
4591
4143
4313
-43
2823
481
7273
6653
-1352
1473
2373
2153
3963
9633
4983
-8654
84341
-9308
8283
2393
1833
55515
-2834
7163
3088
784
2413
1273
-5204
422
4483
-4211
5603
9558
9673
-2932
3863
9663
2231
1233
9023
-5621
3014
4203
2743
4533
6663
8913
8493
-3789
6473
6513
4763
-9175
1423
8253
4813
7343
-8276
8813
8893
9243
-1055
3943
4053
6363
9683
9293
9083
4483
1303
8033
6433
6973
8393
6563
6913
7333
9903
5063
3111
1583
4693
2203
816
4493
-7609
2323
5693
1813
7193
6723
-1513
5163
6063
6523
1273
3603
2183
3013
-2096
2133
2683
8913
9493
8813
3913
9353
7523
8253
1239
7793
3293
9393
9113
4083
3203
7033
3083
5153
9313
2353
8523
1081
3403
3983
6743
4602
5603
4703
-14168
8763
4053
3793
693
9623
1383
2563
5523
4663
6363
8673
1636
2973
6593
2893
2143
-3751
9733
2093
6263
4043
5323
-6679
7003
6063
5453
4643
1599
-30195
8823
7295
8123
1153
7306
-5368
9803
5183
7813
9384
6323
2483
5263
2783
3103
9586
8462
9009
49333
-3151
2933
9413
3743
1973
-936
2963
-4862
3843
1973
8333
4303
4853
7563
-65682
5383
1553
2023
7963
4183
3523
4893
1583
-6945
-79996
6483
5683
2213
2793
38903
1923
2713
3533
40733
2593
5343
8483
9413
899
6823
2717
8343
6373
5933
6393
5303
7613
10022
7853
-47562
4255
6226
3023
8723
4473
2073
4803
8143
1863
8163
4753
7143
2933
4763
-1496
1773
-2747
7653
1573
1163
6193
9373
5883
-74397
2983
7023
7322
8453
4483
1793
-64760
8353
-8093
7603
9963
-52296
8731
-4434
2713
-7963
-76633
9313
9674
2811
-41577
5853
9733
7335
-421
5703
4273
5713
1503
9253
-7719
9483
8363
6063
7243
-3562
-8876
8543
3603
-18627
-6901
5793
4923
2767
-1199
6543
-2775
-127
4493
6053
-71657
6323
3323
8583
2363
1483
4442
5763
7553
5943
-2569
8763
7383
1153
3453
-54233
10546
-1237
9013
-33758
2143
2683
-63068
2603
5723
2643
3383
5555
8523
8813
2073
-163
3993
7833
7961
6932
3184
-2337
8396
9653
2913
-6614
7393
5353
403
-7191
5293
7025
9733
8364
3053
9383
4813
8465
9803
8113
6823
6843
8833
1991
-4476
3643
-13097
4333
1213
9933
-9612
3333
6862
8533
8373
4083
3513
1833
7723
4004
6213
2669
3283
6603
5893
1137
8253
7519
3103
374
9373
7153
-1581
2353
8813
66149
5523
7543
4653
5975
4153
1793
7193
9093
6973
4023
6793
2323
1433
7033
2903
2443
2333
-10352
9463
-4169
7253
42025
7753
5773
-9284
-1801
4983
2823
-8602
1853
8223
5833
-6707
-35
5903
8233
4753
9233
4453
3743
4393
5483
2903
5883
1293
8962
1032
5392
3473
5713
9293
-1944
-9669
1852
8813
38030
-4148
599
2204
-65351
36247
8092
3783
4793
6153
-9101
-52618
-6474
9313
9833
-8261
3093
7643
-6839
4843
2893
9463
1203
11658
4606
-6208
-5917
7233
2393
5733
7333
363
4653
7473
6793
-1799
1993
2506
6903
9503
6013
1253
-5599
3956
3493
6813
3078
9543
-1339
9973
-4096
8583
4803
-27597
-90977
1253
9833
9853
5243
-29780
-1365
6203
-3247
1613
9963
8273
-8593
6503
7843
5783
3563
-4373
5973
385
-205
462
7863
9103
9163
5213
-1194
8253
6103
2413
8403
7713
-1149
8323
3647
-51502
44393
4083
3158
8748
1773
3052
1003
4753
-9973
-841
1613
5573
1653
3393
10816
6263
7363
7321
2123
1143
3563
7223
1983
9633
-9644
1643
6403
7803
1873
7633
6373
-8192
2263
5633
9473
3183
9223
6366
-90397
2763
6123
3873
9383
7313
5533
3463
-64348
5323
3393
-49289
60882
1953
4283
-9469
7993
8923
9353
-71922
8426
2543
9871
1873
-41792
12059
2933
5403
4693
7793
5383
9443
7143
5833
2623
1783
-4576
-9005
8259
-2133
5043
8293
9343
9753
-27061
1763
-1139
9863
-24807
16447
-7274
8963
7891
-6608
9673
7713
6743
1485
2303
9983
9613
-1469
-57588
-1105
2393
4583
5599
-7809
8993
8583
1883
4093
2064
3623
-438
5203
7003
-8661
6543
879
4363
2329
7593
3893
8573
9053
12243
8683
4953
2393
-1995
4213
9033
-4582
6453
8273
4691
8543
3813
-7158
7681
8753
5642
4113
7383
5626
4883
85457
2243
2433
5393
912
4763
2478
3823
-887
2223
7213
7952
6921
-58030
5463
9963
41738
-6728
9523
8296
6723
-72881
2493
1953
-46485
1143
2713
515
-6495
-6822
8403
1613
1293
2543
1073
-6404
6803
6743
9833
9823
3682
3953
-3988
6413
-5924
4053
-233
5403
3993
-3029
-6627
6843
9473
7383
5813
9873
2013
9063
2903
9023
3863
-3942
6929
7233
1263
-18388
1949
4743
8323
9883
6223
1563
1073
9281
8173
2773
-3994
-6312
6887
7763
3023
2413
7023
-1238
4013
8853
4269
-6674
5654
6883
3083
3673
9873
3193
3513
-5314
8363
-4744
2433
2728
745
5283
-3593
5413
3003
6831
8943
3123
-1673
808
8593
5263
-3538
3413
7603
2063
-8637
9513
9773
8463
2423
2803
9913
-77810
-4401
1933
6993
4973
-382
2443
4745
4383
2663
5113
1423
4373
8363
8253
3333
9163
1333
3773
1393
2313
4013
1193
1123
-2223
2773
412
1573
-6969
-8885
7003
8623
-87594
4643
6573
-3222
-476
7935
67322
-4089
3443
6313
4693
7983
6123
102
2083
-462
10448
9453
9823
-5369
-6156
7433
3673
8623
3733
9497
1563
6083
6813
7193
3427
7443
-8087
-3811
1128
-8398
2073
7403
6613
6533
-68923
5563
1353
8253
4723
6523
7903
4833
8703
-5067
8973
3893
1009
6333
3853
6743
8993
-7223
2073
9053
8153
5253
9062
4703
1827
-1273
3063
5383
1772
3383
-9862
2183
3063
3383
18313
1533
-53272
9773
1193
7463
7673
4023
526
4163
7583
-4558
7733
1803
5123
5163
75015
-8603
8963
-2649
7433
7203
3633
7353
7383
2653
644
8643
6783
6913
6533
6223
1923
3183
1333
19534
-13069
789
8998
-4854
5603
8291
3793
2969
5633
3073
2603
1643
5493
-1604
2333
5773
6553
6425
-61909
1313
1003
6606
1253
3703
1963
6157
7643
6183
2421
8213
4623
4523
2553
7853
4233
6913
9563
1323
1533
51220
1813
3902
9202
1593
7152
73826
6183
4154
-19362
7823
7343
4113
4074
2973
5463
2313
9503
8139
8623
5233
5603
9533
-4924
7393
-8252
8253
8643
5963
4533
8983
-7701
5383
4183
83379
4183
5053
2813
9613
8183
6609
5063
1323
1021
-5922
8853
2073
-4441
4383
2283
2843
3873
44753
-89301
5945
9123
-36123
-45863
-1584
-84669
-455
3783
82785
9411
2148
1603
7963
9713
2443
-3733
-44615
3643
6833
-59198
1703
9393
-48534
2327
5153
-70386
2306
5033
1483
1993
3783
8053
3393
-6353
7673
8633
9963
5343
6203
6703
8533
3653
5683
-2029
5593
7203
7433
5917
5243
24423
-80934
1609
-31516
-27641
-61226
7703
6193
1753
6783
6333
6993
9473
9965
5793
-5854
5433
5723
2162
24830
7383
4703
6813
6713
3513
-8689
4013
1093
1933
1108
-2046
5828
-9039
5573
-1803
5223
3323
1063
5653
7153
-4655
-6056
-1826
3863
-60649
2633
2253
1503
7124
9713
4623
73
9783
3623
5513
2033
3976
8603
-3768
9063
4423
-1016
1413
6603
8483
7513
7183
8923
2763
1893
53131
6276
2983
9822
6873
-3669
2123
8714
8673
6532
8283
4843
-8263
-1798
5543
5716
6203
2363
4133
2493
37085
6563
2773
6743
-4476
4263
7503
-606
5803
-9616
8702
-3157
7953
-6997
3473
4333
39158
6833
4783
-8567
6353
4773
2343
6823
4453
9111
8473
2223
-1836
9923
3503
-9768
-6191
7813
6893
-7927
8123
-2339
-2568
3583
1713
8733
6473
5563
9593
7503
5693
8233
-1477
6773
30485
7813
2133
7803
3763
-1318
2963
6413
2033
1373
-5378
-4308
-40869
8983
-235
7353
-1538
6823
8963
8723
-6503
-55732
7593
3333
7443
22804
2563
5305
7253
4553
2473
1033
-25400
6353
9833
5743
4983
-6949
3953
5273
2953
4283
4103
5573
8733
3143
7263
7373
1503
2563
7375
3323
8263
7533
9933
6723
5493
14916
-34279
2613
9438
7063
3143
6823
5123
3153
8673
9373
37703
5813
2553
6543
36543
-8823
1733
2683
2453
3163
3159
5932
6593
8213
-5513
8853
2523
3373
-47571
1693
7514
9303
-75816
5648
-83911
5355
-3384
1847
8443
-9672
-8818
3483
3749
8523
2423
2353
1963
3123
2224
4723
38335
3223
4463
5793
-2695
-3534
-2869
1789
8213
2123
4083
5483
3313
3963
8533
-56199
1393
1063
8633
3453
-2811
7683
8013
7703
8785
62722
8053
1473
9133
4593
7113
4223
7283
-4626
-4515
9613
-9402
2313
-8299
1183
4713
2273
-4895
5053
7943
249
26
2963
5183
6013
7843
8963
9893
9116
8273
1363
-4915
8803
8063
192
961
9673
2303
-1741
6953
1232
4143
4103
78056
6933
5433
7213
34103
145
-53037
6593
6095
1993
-4742
7338
7343
-6481
-1526
9483
9543
53163
-9945
5043
4143
-2847
81303
-9277
8453
-6878
7153
-4235
9363
4023
7643
4283
-61427
5713
4409
7223
4373
7773
7073
1241
29643
2203
1533
7523
4213
4633
2593
4773
4693
5383
7503
5893
3793
5573
8733
7153
9713
1633
-50243
8799
9893
3073
6963
1403
5903
1353
-2241
5473
7078
8506
1391
1073
5133
-5146
8683
-489
8613
1333
8793
2643
3883
1286
74709
6513
3553
-5455
2553
-9958
9963
7953
1657
5123
1343
1823
6353
-2363
1923
-2678
8503
-1091
9971
-7471
-6767
3883
7493
4463
3373
-7516
4743
7793
1433
9213
6323
4233
4523
6383
5593
5953
1853
-4276
9423
1333
3434
8645
-2458
8893
9613
8783
3607
7483
5433
52299
1093
27958
2033
2483
2603
5793
7303
4653
5863
6683
12253
6223
2323
9553
5267
7423
1283
8133
9113
8323
9663
3143
2063
4633
-4248
3753
5823
4073
8903
38699
29350
8873
6143
2193
6703
3583
69970
4953
9003
7153
9103
8023
5993
8793
-67756
-3936
5983
7583
3807
4469
8693
5503
7434
6753
4283
-3705
8543
-91912
-7955
5503
-7771
5173
3865
4603
1373
3843
-5811
9183
6523
9605
6573
9864
-3934
4933
3203
8473
-5851
9803
5173
3473
4093
9473
7583
7852
2083
7543
8513
1513
-5399
18047
6953
1103
1473
5693
2763
7343
9793
9123
5223
4203
8283
6673
3873
7163
-7115
1663
8793
8453
3663
-63101
1563
3103
8883
6723
7743
4443
1744
1873
4183
-2489
-2125
6243
8969
-9515
-9923
-991
7003
5813
-7503
-6909
8996
-31607
5663
8733
9303
9093
764
-76938
-4544
7753
2223
3418
6523
7023
9743
-6708
3643
9983
6553
5303
-5415
3303
-223
8793
-1313
2343
8383
7543
7493
8523
3233
2363
-7322
3863
9053
3591
1183
3571
-4641
-5607
3854
-5822
9973
32828
-9948
5133
6581
8708
3393
9693
1854
3643
1436
9933
6433
4983
7083
9863
4603
3123
3333
3253
8433
-42374
1673
1793
-7391
1513
4023
4183
9563
6693
7339
5703
-3007
3833
6613
8593
1933
5823
5733
1191
9857
9443
7263
-734
7523
9023
6523
2883
1153
6493
225
6463
3013
73789
-6263
2623
6383
-5657
5433
2543
8553
3593
3263
8443
3116
-37075
-3698
6883
9723
9703
4702
1653
6053
6413
8783
4123
3393
9943
3217
4503
6973
1813
7653
-84726
8203
48621
3471
2553
8263
8772
5755
1493
6083
-3375
4393
8586
6743
2323
6123
6913
4903
-1005
9113
4133
1363
6753
8133
6583
3728
2913
-5585
6213
5903
1213
-13157
5863
909
6273
8053
-9073
1923
7203
2773
2193
4613
5273
5153
8463
7463
4063
7683
1963
-5639
5393
3273
1723
4773
-1144
20818
1187
-7308
6798
1233
5233
9153
7049
7039
2686
7393
8973
8213
-9881
2533
-29689
1593
2303
9653
-6828
1623
4883
6383
3547
1253
-6813
3103
3963
6203
1843
5943
6953
2123
-5167
8403
-3608
-4895
57026
1343
6858
6833
154
2243
3443
4673
2823
2613
-6209
8142
-23377
3593
7413
3603
-7509
8473
4263
7813
62377
7583
4133
8403
3893
7943
5153
-15905
5683
1313
-8857
5973
2453
5613
9993
3053
9993
9503
6564
3033
9183
5423
6863
-42571
18079
2023
9513
5263
6013
1373
8333
-1956
3097
61
1573
5423
5445
7046
1393
9773
2153
7123
9183
4962
9733
7436
5853
5323
4223
4763
8583
6673
8063
4923
-7186
5953
4893
7933
9163
2613
2563
5403
1393
6363
5853
7273
9393
1163
1303
2893
60721
-249
-8828
9563
8195
9783
4063
4373
88404
9128
-4942
5313
8403
1192
-9753
3383
7813
4138
2453
7763
-9411
372
-7242
7233
3993
1773
8073
8303
6183
32367
9933
78985
9393
9883
4503
1283
4493
-398
1053
-104
3963
5553
4023
-84828
32216
6125
7223
3683
6583
-26739
-2289
5273
5523
6843
1353
1923
9703
5433
2973
2263
7033
1068
-4282
-8124
-20767
9773
3533
4963
6203
7573
6013
-1585
1699
-7857
7813
-56926
3893
6153
4463
4575
1743
3973
1253
63075
-3156
3393
1783
314
2353
8581
5663
37112
4452
2143
7093
8397
3113
1882
6323
5683
3223
6793
-8827
-47838
2683
3203
9373
7283
2943
6661
-9
74694
4753
2843
4733
6403
-8383
4162
8773
9193
7213
-1139
1663
-8905
9223
5024
9943
3543
2943
2643
-4241
7503
3133
8743
3973
21057
8263
6603
5353
87917
-65239
9343
4912
5723
8093
5299
8063
6694
3373
3483
9103
-6966
6263
47272
5763
1923
4923
-8193
-8504
8603
2823
-8358
4652
7453
2163
828
4853
6583
5313
3673
-53483
6743
2433
1703
-2406
4703
8573
7891
1846
6263
6683
1983
4223
-28115
9243
5583
8063
-78200
6163
2873
3723
3723
1273
-9766
7383
5403
3283
8673
-6245
7104
1943
6563
3633
4144
3123
-4572
7173
9063
4653
2721
2433
1573
-8276
9523
6953
-9484
5463
6483
1913
2313
8843
-53519
6063
8293
5473
4273
3523
7443
5403
-5222
9213
9463
2113
9473
1436
1163
1253
-21837
4223
7553
-7657
4493
3153
-1177
3483
9193
-33447
2453
8293
10105
7703
9928
8703
3493
-2104
7763
852
1103
7229
1763
-3376
2863
-8275
9053
2693
3943
4463
9364
6833
6063
3293
8134
8844
7333
-5789
4933
4593
-29736
6253
-75031
84646
2663
4723
39999
6002
-2449
-38807
8003
4591
-1583
6193
4643
3903
6793
4717
4133
8673
9763
7773
72934
4853
9433
7203
7653
6323
8163
8573
9283
3913
-5134
9203
3107
-7584
-4697
4693
2943
2893
5863
-5917
9003
9553
-7793
3753
2633
-679
3223
7433
4653
9363
6793
11616
-89125
4933
5479
7093
-2967
5523
4437
9133
5988
-9199
2763
62555
2139
7583
-7149
6033
-533
9606
8693
8473
9916
-145
9803
-3304
-5447
2823
2043
9663
8813
-4845
85070
5793
7623
-9901
9233
8643
1573
86581
-759
8893
6453
3027
-16796
-24318
8733
7313
-1554
-813
3463
9593
7716
2873
9503
5594
2423
9933
6093
3823
9753
7069
4393
9643
1633
1553
2973
4231
6113
7063
-7989
8123
5383
4083
9253
9253
4893
5873
-2446
-5624
2283
-13957
30686
1483
7733
9224
-62
5173
44120
9913
-4971
4233
-16173
2233
-325
8392
9243
4453
8463
7123
7643
6143
8253
9713
1613
5563
6663
9293
-4695
39390
8983
-13646
8783
1193
2003
3643
8595
7913
8065
9165
44379
9028
1566
8073
9463
-7149
5033
5683
-4385
1343
5213
8473
8343
4353
-7952
4373
5233
1763
3703
7763
6663
3123
8933
1463
2813
3463
-8384
1173
3393
8143
-5716
8783
1343
-8974
5883
32
5343
54742
4223
3788
1393
-8383
-8673
9973
-7955
7183
2213
-7789
6183
-4265
8403
1367
1543
1213
8513
-9421
64983
-8412
4036
7743
2622
-52378
4373
9513
-60436
2003
74774
1603
1613
1253
8652
4613
2313
2813
8313
-9111
2213
2423
3213
5783
-14750
-9433
8103
2793
71205
2083
7343
8393
-5584
-28469
4741
4843
2303
8203
2503
8193
7633
5593
8762
9573
3013
-9986
4323
6973
28016
9563
3635
6493
6613
1653
9013
6743
7823
5223
4563
1333
6663
-85657
-61889
6453
8313
9333
2573
235
8022
7443
5893
9693
8143
8103
8333
5693
3093
1673
9413
-9108
7763
1263
5493
9493
5733
-3486
9633
75206
6005
4113
3113
1293
4043
6343
6337
-7275
2863
5023
6073
1991
4043
2763
1016
-1029
-8561
-7765
2823
4793
8503
8393
9453
5043
87301
3243
4013
8614
7068
6203
-9704
8267
7093
2925
-9489
1463
7473
6363
3053
9353
9485
7323
6403
4643
7773
8403
7633
7917
8493
7303
-1032
8763
-793
6293
-5343
3023
6301
5813
1603
3703
2403
-6738
-5104
9343
-8389
4893
4693
9033
4129
8793
5433
8723
4503
4773
6523
3654
9503
1363
6783
4973
6123
-5409
-2043
6683
-34124
-9307
-1181
4833
1823
5723
4693
5703
-6917
9953
8973
6983
-6887
-2268
5622
-4195
3498
6493
3023
-4012
3929
6153
7003
-1654
-6659
7303
3605
4593
7043
7243
2343
7773
9183
3951
7443
-8678
2293
452
3303
9107
8483
4453
-6699
1483
6013
2283
5353
2393
5373
5003
2292
2053
8383
4293
3943
8413
7793
4823
4673
-4707
7463
7662
-2667
7274
7093
7173
1303
6223
73371
3973
4917
5493
7843
7178
2313
6014
4013
89143
4423
5023
5293
3173
4443
9733
405
6093
-8758
168
7443
4033
4243
3733
8323
6503
1763
3223
-2108
-58670
7143
7863
9255
26491
7537
4712
-9896
8613
8963
4343
-5595
5063
3673
9263
5095
7646
9513
3103
2067
1569
6863
3813
7283
9013
3233
-4383
9153
3943
6323
9963
9573
8603
7753
-8875
8686
-31937
9853
-8232
6453
2363
-9288
5763
-2007
4926
3323
7753
68598
7013
1903
-53145
4483
9513
-5476
2323
8523
-8364
-4243
1833
9433
4333
2283
2233
-30138
2013
-9734
6123
4553
4243
5206
5783
8063
-7905
9299
8556
3623
9153
-211
4433
6913
2033
3153
683
4969
3296
7153
424
8823
4553
3655
9033
8893
5223
-3746
591
-148
4733
8733
-796
4443
-3269
3618
5936
-4994
-1972
4853
3971
2703
5193
1553
11917
3103
-8690
6673
4283
7243
7363
-8198
-1243
6873
-9339
3513
8793
-2665
6487
-1296
9913
-2714
6623
1753
-5342
7953
-57538
4101
2863
8873
-9957
7479
2023
4433
8313
9343
4553
3158
3092
2716
3613
7503
-4751
7303
6933
1183
-6243
6313
761
9053
5753
-6631
1443
-4324
1133
8623
3613
5267
7054
5553
3703
4783
60361
6493
-4163
8623
2423
8353
2883
7963
7803
6024
-182
4573
6013
3458
1803
-80850
2893
8043
5213
1263
5203
9453
8063
5363
1623
1919
-8562
6323
-9386
5363
2565
-39323
1353
-899
3943
5903
1853
2543
8023
2773
3183
-366
4943
7003
1293
-74130
3973
5013
9043
1841
7763
6013
3273
7413
3083
7353
-9369
5383
5673
9267
5373
-6881
7026
7133
3503
3693
8733
1343
1289
-79
-158
9493
2113
4413
3084
2583
-9748
9993
2363
-8983
7528
9033
3483
-9962
-67888
3133
-6523
9583
1623
-4518
4693
1313
-1664
1343
-1303
6993
3053
4433
2653
4743
7443
7863
6717
3283
2663
2593
1713
5513
4383
8535
2104
7223
-8509
8298
-6935
2713
8097
-4855
3413
5414
2089
1013
-3317
5493
7353
4513
8869
5183
3633
9563
-2942
-1576
-9785
4813
-83681
6593
9203
7393
1603
9023
2683
4386
9516
-2364
1774
40677
8433
2063
-73525
43777
9393
3924
6533
4123
8043
2423
4636
8194
5913
5233
3673
2545
6224
2823
6593
-6743
-2444
4163
5982
8497
-87394
7713
7383
2453
9933
-4244
7123
-9808
8783
3213
6543
2985
92
4993
7659
-3546
5053
-7466
1963
-57442
6673
7403
2603
2133
8463
-59726
8463
3393
9886
5453
80845
6543
6463
6273
9603
-7144
1973
6513
2983
7442
1923
2884
-8319
4323
4503
7563
-3291
-3052
7953
1564
2553
4213
-3706
9353
4033
6853
9371
-4968
4493
9193
48534
-1253
5393
63646
2163
1373
4893
7233
5343
-3543
5439
6663
4783
3003
-1478
9573
9713
35511
-1887
5053
3303
1573
-7169
9183
5769
-79058
1193
-1538
-25534
9993
1273
-9564
2003
7713
7343
6333
-5626
-17088
3663
50006
78705
8553
-4875
2013
1253
-4205
8573
4453
9913
6813
9773
-2997
6473
-2412
7733
8643
3423
6893
9233
8483
8853
7443
1733
6773
-63705
-58423
2843
8003
7163
439
2793
2943
7583
-5702
6463
-7567
1913
7733
1573
7153
5643
7983
8023
4953
2883
5813
3823
7663
9463
-8283
1493
5533
1643
6033
7503
-7682
-3421
-8365
-66117
48810
8203
6683
3723
2673
7503
-7055
1353
-8736
-8965
6043
1963
6563
9843
3953
6983
6723
2503
3553
4053
-663
3238
6943
27342
33802
1253
5813
3783
585
5573
-9181
-4371
9613
455
-3773
5173
9533
-8514
9433
1963
-662
-52667
8973
5763
8387
-181
2723
4593
-4753
1723
4173
2043
3923
7733
-8559
-9984
1993
-5071
796
9818
1353
2523
-30521
3513
8863
8247
8173
2813
6033
2141
3833
4223
5943
6473
3323
5233
5842
-4493
219
3123
-6109
3013
4173
5293
-6396
-1581
6153
1123
2773
9843
7553
-3347
7873
53253
1713
7903
3091
1873
3126
8443
4703
1533
8827
8556
6233
2326
4513
9883
4523
6941
2043
55826
6013
3553
2073
76272
8183
7083
4355
-9309
3723
8093
9833
5123
7573
3673
-4153
9163
9233
3013
2437
9393
3833
7515
25241
-5287
3023
7833
6093
5019
3833
-6114
-6577
6603
-17229
-4089
68935
8663
5309
9723
3483
26789
1393
4833
-4742
-9436
5893
7663
-4121
6623
5743
9143
7283
2768
-9543
9829
4433
2463
4953
2293
6053
9303
-4697
-35511
-6749
5573
2383
1873
2123
9333
9103
7723
-3542
6683
-6543
8923
1779
1439
8050
5123
2773
1783
8103
1063
5843
8303
5773
-56951
7013
4553
6277
5284
4693
8053
6893
9259
2923
2453
3233
1033
9873
514
2563
7601
2553
9093
8583
4963
2894
-17785
2493
1043
1533
5213
4553
8333
3993
6243
6033
3773
-1981
2023
-8524
7543
3383
9533
1453
691
1403
5643
5083
7613
3983
3153
-2245
-73185
-9732
4003
-2830
-3323
-7765
-1295
6343
5793
5293
7773
6447
5633
-6189
3103
8443
1753
9788
4213
6613
3253
-42129
8323
5513
5903
3493
2013
1333
-647
6873
973
2463
2923
3113
-5497
2093
3973
9903
6453
2727
9913
8483
2173
6767
1203
75589
6583
8823
7373
-11947
1923
-4049
8463
-9792
-4924
64247
5713
8473
-78269
4373
2693
6833
-89745
3503
51029
7073
8073
2893
6353
3873
2873
8163
-42940
2763
3151
-19047
5393
-9693
4243
4393
2223
48314
-6835
-7936
5435
-566
6513
2449
972
8443
4793
4993
4037
6433
4313
255
2103
-5552
5353
8423
5676
9573
5973
3513
6233
-69859
2553
8723
8603
3173
9673
8253
2363
3043
8903
7223
8363
7613
4333
2577
2145
1423
-5968
1293
-9437
4463
6073
-2049
-7307
6113
7633
6703
-7718
-21291
1273
-2795
3083
8353
6113
4103
4223
8233
2403
1998
57299
-14158
1123
611
8223
6433
7723
-3023
9683
8363
3393
8573
-9668
-27676
-7705
5813
6213
8943
-1566
8623
2233
6493
2063
8443
5383
3703
3153
-5538
6443
3152
7433
-4964
1833
6783
9704
35369
1953
5535
64952
-8239
7433
5907
5493
8623
1394
5993
2443
5593
9343
1853
-5297
5312
8553
80431
555
4673
-1203
8553
-1048
-6839
1273
6502
2053
9803
5243
-3627
-35032
6293
-4675
1843
664
2873
-7397
8273
-7001
3713
7023
9316
4243
9919
4308
6923
6553
7888
7473
8593
5963
5223
58268
4643
-491
8413
2189
3293
-301
2803
-2942
2033
3313
-58561
1879
5213
2647
8596
9953
1533
7323
5283
1703
4823
5813
2055
697
8483
-78960
5702
-63072
4583
72370
4303
8773
-33550
3161
8793
8113
-3854
6073
5033
8953
3233
8203
3453
-67543
4957
6835
1233
5821
6703
8964
6593
6503
2413
1423
5913
9633
-34121
3903
-7516
8022
2273
6563
4643
-14037
-3936
7566
-9987
4953
-1511
-3024
6973
1733
8133
5193
1993
48091
-1895
9893
-1221
8953
3983
-1949
4623
3523
8523
-1604
4023
-2544
-1148
5103
1064
4593
2953
8013
6203
3014
1043
-9232
3553
-8807
-7599
5603
9022
1903
3753
-9832
9599
7903
3203
6125
5373
-605
9043
-3450
-2682
4443
6063
-38407
3863
7563
6743
1983
9123
5113
2873
9703
4353
9773
1063
1483
1783
2583
1443
9613
3013
7153
-4963
5922
3293
61348
1793
2103
3603
-605
7205
8543
9373
-70919
9363
9433
7683
6793
1533
8093
3657
68138
1573
1503
-27152
4333
-6519
3213
2743
8673
1523
7723
-3776
7743
3293
3633
-381
-4338
4783
3723
5159
-8899
4233
7262
2023
21015
6883
5173
8803
5093
9793
3773
1044
1313
6033
7112
6303
8713
9863
8593
3828
1303
5277
-9228
4483
-5584
6023
2063
-3723
9473
1043
8333
2343
-5352
-1835
7621
-72937
1703
1783
5003
8476
-775
4626
1963
-4159
-60308
4433
8083
7103
5593
3283
8183
-5325
3123
5073
9037
2953
9583
53477
2873
5003
-9853
8013
2823
-8816
6963
5363
5863
9933
7753
-667
8593
7834
9683
2173
-7212
-9337
3363
-5413
4866
8043
6702
3763
8083
3343
2953
2989
1613
2063
1163
9843
1633
2523
9853
2543
-7949
1913
3003
7803
755
1563
7293
-16957
-6647
1883
1143
-54360
9513
2333
1023
3133
6405
659
2343
-1161
2339
8603
8933
2843
7812
4463
-9379
3778
8513
4073
9033
2643
5253
-20264
-5139
2013
6893
9403
2283
44613
-622
4623
2003
-7326
7763
-2038
2203
3443
3413
-3773
9633
1033
2673
-8994
1328
2133
9253
6322
5283
1627
8893
-8966
5703
1653
9808
-5448
-52282
2593
2283
-87597
-64379
2752
4833
8423
3273
3213
5911
-52212
7853
8883
-3333
9043
7593
1262
6693
1483
8122
2993
-1584
8003
-8587
2973
-6331
5553
-107
6703
4513
2296
9543
2143
81605
5941
-5677
2293
408
2423
-5144
4593
7273
7534
3633
-913
1793
-5965
9423
4003
3355
-8425
1583
4413
1023
6483
-386
15597
6923
6703
7063
6893
55747
5513
6643
6243
6863
5023
7993
1013
5763
8893
-9156
-7503
4171
6943
1019
1079
-36463
1521
1673
7453
9303
2193
5833
-262
-5892
9513
4523
8633
-1521
7113
1853
2613
2023
3972
4263
9853
4913
4243
2823
42
6303
5983
1183
3023
5783
1503
7123
6522
-2983
4263
8031
1704
5603
2383
7883
8113
5763
4054
-82613
1023
8383
8866
7744
3428
1533
87226
-7102
-8166
-3871
74699
6223
7103
1603
7773
-16174
5873
4013
4023
9723
4022
4133
8313
3643
6734
9663
7593
1563
3393
76913
675
-5124
6103
7733
3313
4863
6833
4783
2703
1653
6583
4799
-6473
4503
6593
6563
3693
-436
1153
1703
-3603
2693
3153
1325
5663
1173
5223
9083
-9483
2703
9403
2873
9053
5783
5803
4823
3672
7753
4533
-24099
-1341
7023
2583
6813
8896
2773
2443
3703
-44958
-57139
5683
8518
2513
2513
6283
7095
3033
-7946
4133
-7691
28594
1233
-8454
8583
2993
-4814
3543
713
5503
-3751
57734
2323
9153
1985
7873
-38929
1883
5783
2953
6248
7213
9613
3743
-7383
2933
-2108
8663
7472
9354
2763
8347
5673
9043
5933
4293
-55996
9633
-45325
-9479
4803
-91852
-27509
-9636
1903
7413
4493
4603
251
4583
-5675
2813
-64553
-69072
4238
7503
2833
9073
5213
1337
-746
9843
5513
-7832
4313
8443
5323
2863
9263
5063
9683
72854
6833
7603
7693
-8005
-57241
1914
4243
-113
-9016
4928
-6422
7443
8813
9153
9281
-80428
53493
3253
7883
3872
4063
-181
5613
3683
7563
1443
1683
8803
2673
4703
8063
3273
2113
2113
3131
-4346
-3684
8057
8833
38552
9465
2453
-6992
13354
7473
1293
4921
5073
20142
3863
-2927
7188
6413
7053
-9493
2453
4223
6263
6633
3823
8313
3893
9453
-2555
8763
8843
-9433
8083
351
5143
9343
5443
-5448
7073
1053
4923
45894
2683
9795
9822
4923
4813
1623
2843
-84570
7063
37608
1453
1703
-1654
8123
5853
1514
6065
6897
-6962
1623
9383
8083
2493
2833
12539
1053
7103
2963
-8736
9623
-519
8163
6096
7533
-7451
-6507
4454
2214
38700
1483
7093
1293
-831
3223
1433
9033
1443
2523
8123
7473
5893
-6973
8943
7373
3283
5243
7333
7033
-8383
4123
3263
3548
7233
-9963
-2408
38570
86902
9113
14010
5035
-2774
3563
9942
9843
9643
6653
1403
5839
7683
3243
-9769
-2929
5573
2353
3133
9153
-8252
-8461
5873
86556
8748
5183
4513
8593
-7503
4163
68747
-1134
8803
-5136
1495
3263
8813
7463
2673
5343
-3948
2163
5853
6703
8883
8203
3473
7787
8743
-63554
5613
9093
-57673
6043
896
1993
5653
4063
63837
3903
2073
7613
5123
1069
1393
3853
-7005
3623
-4992
1013
-5345
5913
8593
1983
-72387
8823
-8483
1783
-4261
8663
746
5283
2553
6943
-1082
-7677
78250
1173
-7604
-7189
4823
9523
5258
8323
78380
9763
-2928
5833
-2425
1723
1783
3979
4243
2363
9822
3323
8113
4583
3193
4103
4023
2013
-7956
8523
9513
4083
282
8853
2048
-2369
5408
-5494
8723
-1315
-503
-12820
5893
6403
7323
-6418
8316
15121
6881
9784
75976
3443
-1666
-131
2792
4403
6586
5333
3613
5512
3164
3943
2303
8603
7313
5433
-3467
4092
-4247
9543
7489
-65879
5226
-77310
-78585
8823
4143
-13074
9123
-3739
7304
1303
1083
3843
4753
5683
1443
6673
4273
-97
483
6583
-3646
357
1577
5836
5331
-8521
6663
7303
3892
9953
9343
8973
6873
103
6843
3723
-3249
8785
9256
4223
3533
7853
7053
9893
5513
-9921
5013
6133
8663
1773
3703
6643
5863
8833
2613
9783
9123
6742
6903
8043
62974
5453
4885
1293
-41482
-3086
3013
5263
3093
1351
5013
7313
-2956
6113
3593
1633
8453
7953
2796
8853
7883
9403
2204
-64601
7133
9033
5919
2703
1163
-6691
2923
9603
5337
-153
4303
7826
9033
7795
8783
6813
3943
-55430
-3959
8683
3303
2743
38994
5993
4083
4603
-37730
2873
2793
-264
2433
5873
-9451
6633
-628
1403
953
8293
3223
-3537
5193
3803
8633
20475
-10978
-25179
4143
2393
4763
1683
5203
5479
1733
4913
4523
4304
2683
5384
6623
-69997
-6804
2833
1973
5262
5053
4513
2863
5513
3496
-5313
3293
8653
3133
1183
7723
7053
-11799
4843
31432
7543
7141
-2712
-41424
4153
1397
8543
2633
-85843
-8091
6553
8543
8813
6143
66701
1763
9113
2461
9503
4433
67985
3533
2003
1573
3777
2157
-3561
-45936
-3661
367
4363
5823
1923
8803
5633
-5953
3463
2163
6363
8413
6313
-9241
6443
8873
3253
2453
1803
5003
4353
-9287
-1092
7313
81630
8953
6133
2233
4064
7673
3353
3869
8488
9113
-75613
6543
-2362
7313
9283
5533
-21517
-2544
1713
51982
5183
2933
9783
6223
-7253
9043
7603
3273
3907
8453
5003
8893
-3375
1233
2178
7197
8183
-9739
9243
-4734
-2198
-5418
-15949
5413
8533
384
7103
5132
-2532
4653
9663
1823
41279
4403
7354
806
1263
1003
4073
3483
6263
7053
9474
2672
5783
3013
5273
-347
-61297
-68842
3883
9563
3513
8506
8553
6633
1723
9523
4853
4783
9033
5983
6783
7863
-9635
8533
5173
3871
48081
2253
-235
2305
4881
7083
8313
13655
2663
29573
1003
3453
-9541
9363
5645
1545
7843
7943
6163
-7424
2713
14591
2923
1193
9353
9713
13
-1179
2573
6593
1593
5533
1673
2873
6953
2303
6754
-9079
9223
9803
2393
4543
743
3853
3703
5313
4503
4734
7713
1943
6697
87335
4262
4743
50843
-963
1923
3543
771
4923
3193
5323
4043
8033
8771
8293
2413
3153
4213
8243
-5786
8063
-8156
7355
8213
5973
7478
-90718
5973
4283
2633
7923
9618
2743
4463
2613
-34936
-3241
7456
7503
1855
311
1613
336
4603
-3657
5173
6153
4713
9143
4763
7793
5163
6363
22232
-80424
7455
-90285
22470
3953
8083
8404
4645
8933
2033
-75122
6522
4223
3923
6063
62673
-4522
1263
57566
-27758
9653
4093
8993
4143
7713
9013
5833
2643
-77815
6273
8464
9323
11191
1362
7213
6763
46298
-50118
5133
6653
1563
2093
-7889
-5754
6393
3273
-5012
5033
-9912
-7969
4893
2123
3177
5723
4073
8033
-2418
-4737
5233
6763
6913
8683
7883
2153
8623
-7573
6993
9824
2483
518
6963
8773
3223
-5553
5373
-5963
1613
4723
-3803
5953
9483
9843
-1739
6513
4303
5193
1483
2483
4733
5903
-6358
9433
1473
5173
4123
8753
7973
-78762
6373
6283
2923
7493
5973
1997
36731
2806
5339
5933
-5806
45451
9743
6253
2343
5143
-3223
3013
2853
7553
7963
8093
-2257
2373
2893
7323
5273
5162
2043
8113
-7961
1583
1696
5086
4263
-54269
40867
8673
6683
8793
4283
4503
3004
5043
2251
2583
-7347
-29156
1343
7793
8523
1723
6633
9053
9893
-1736
1643
85687
2591
5663
1753
8363
8213
8223
8913
303
4803
6457
3123
168
9703
3129
9693
9083
4603
4803
9333
6723
2633
1001
614
5883
8253
6593
9667
2823
3753
8053
5824
3553
2453
-80949
-6969
6223
8643
3973
3323
3083
3533
8183
8563
4253
3823
7903
-2152
3813
9793
2593
-2785
3173
5163
4823
4703
8173
4243
6743
1725
3814
2393
-47342
3043
9963
7993
-9388
2123
4073
44703
-2704
9093
1433
2514
5503
62560
5348
-3474
9117
8433
2133
7773
-22447
2643
4323
9628
-3378
5957
8423
4093
6993
8183
2623
5313
-6957
1097
2483
3967
7343
-686
2153
-4312
6903
-16440
6653
8613
3413
5073
4993
5133
3823
6263
9603
6963
8213
4523
-3029
3413
6913
7273
2783
9373
3473
5393
-8576
-7535
-5559
9103
8943
8813
20601
3123
9403
-2155
9603
-2151
6181
4413
6609
44394
334
5723
3283
7073
1393
9383
5463
6493
-4116
1573
3293
1768
-34830
7963
2903
7513
9133
9023
3433
9513
891
-4409
7663
4213
2293
41179
7903
9743
9644
6233
5033
-6449
9013
5313
8083
-5454
4273
-4988
9283
1543
5188
4133
7403
2563
-1109
6799
9193
-7883
3513
8243
7553
3023
4443
4633
3373
9323
1663
4523
3783
7633
4565
5773
76138
4563
3433
7913
-2072
4493
9033
9913
7371
8293
3253
8823
8532
7628
3769
44840
-2949
1093
6153
3283
5284
-958
6343
9113
9623
4043
7313
6733
4773
62957
1998
7883
7993
1363
7083
4523
-3591
7313
-7154
8133
7073
5223
984
5653
9353
7663
1745
6963
6733
9853
3633
9693
9993
7705
4623
-2271
81628
3149
-3249
5073
545
5143
7183
29056
6223
1392
2153
3237
4753
-7222
7793
5283
-554
4433
4386
5693
874
2966
7133
4493
-24749
7403
6643
6019
6373
1563
-3226
5597
6083
6193
391
3163
7563
-61475
5023
2761
2083
9665
6623
6063
-891
2313
-454
9153
3943
-483
8148
7553
2673
6013
6713
-5285
2983
6353
2103
6642
-7975
7453
7143
6933
9833
9953
1333
1443
6993
3943
8993
166
4233
9993
-8627
-30466
8396
3753
5253
3553
-3399
-4729
3733
8433
-2807
-6169
1663
3733
7639
5503
4563
2023
4313
-5503
9571
7643
22327
8103
4173
4023
2033
7643
69076
8943
-7252
-2157
-1126
4933
7353
3293
9373
6271
-6967
9293
5723
9883
-3234
6753
5826
7803
6803
9733
6703
864
6665
44568
4195
-4199
5733
7373
-7172
4203
7363
4843
7923
9193
5523
2853
-8551
9333
9003
-14844
5683
2953
8179
1493
4603
3043
4385
7203
5853
5543
5033
3063
1753
73344
1893
7073
6913
1713
2963
6983
5263
8143
7383
-17013
2763
8403
7463
2993
72280
9963
6583
6863
4043
4383
-5092
7412
5733
8213
-2369
5563
3803
72627
-4148
861
6303
4953
9403
9013
5793
7583
7286
8942
9533
3731
4233
5783
1233
1233
6562
9063
-1817
3423
1273
49396
6153
9223
9163
4703
7543
4143
3493
4873
2123
8373
3518
3566
8943
4223
-2714
62434
8423
-8626
8413
8173
5033
-5805
3373
5863
6423
6103
5003
2923
4003
995
7963
5673
8923
6153
8643
3993
6473
5533
5743
7783
9418
4393
9252
9193
6833
-5399
5313
2783
8893
6833
-50243
5763
6583
1313
6513
9411
1633
5273
-56365
4853
-28094
7323
34651
-1658
5493
3713
-2724
9689
-988
8993
23184
2473
-406
5473
6783
3633
5592
8063
2777
3913
5743
4933
7513
-38319
2313
1713
8243
-1025
3363
2673
2083
4653
676
3913
9983
2443
8403
6353
5779
8073
6214
4573
-985
5503
2573
9187
41943
4433
76992
3163
4823
1283
5795
6393
2843
-4408
7913
-2479
1463
1943
1793
3842
4453
6893
5243
3467
8943
6093
8173
8903
9253
-5497
-4166
-2974
-1691
5253
3113
3413
3133
56419
6326
6043
3903
2633
4403
3643
-6994
7633
7633
2543
6943
66201
8613
4853
9563
9583
8073
-10225
997
6543
1033
5653
4523
-5134
7513
8493
-395
66585
227
7533
6253
5003
7253
3763
4743
-71559
33344
4213
3353
852
1203
6833
-776
4603
4183
-7934
5823
-24874
7193
32
6133
2668
5545
7103
42438
4463
32598
9712
3473
2223
6123
4673
-7611
7963
6273
8633
-1189
-1969
4873
6243
8654
966
1823
5103
4413
1263
8843
3053
-2943
-5199
4533
7433
9573
3403
4363
1103
4553
1692
-55685
7613
8513
-3006
-2683
8873
7463
2957
5813
3502
6933
5943
1883
6933
8443
5613
1013
3995
5893
-5666
5393
68
2033
2983
1643
1333
6903
8583
-31929
3333
563
-6037
8043
-2872
4093
9543
9803
-8669
8073
9123
3173
6823
-69793
7428
-3598
4653
9963
3293
7653
8963
3783
5203
9333
636
2743
6887
45514
7704
3043
6853
2353
9023
3973
1503
-6167
7153
-1618
1603
4783
4764
7828
-2677
15949
9313
-58030
-959
-5664
1819
-3171
4933
9834
9473
4303
3123
4307
8423
6163
9430
5673
2519
8363
2343
5463
2713
7083
7043
88349
611
6553
3603
1463
-3029
6943
6883
4313
842
-66432
2063
88549
-9405
8783
3733
8793
9833
8753
1993
-325
6753
8091
1993
-2662
2643
7493
54902
2939
1105
9493
9093
-51615
5873
-9203
7023
6253
-3943
7522
4873
1583
6413
62936
-3772
2647
-6584
1103
8523
4883
7618
6823
6763
9603
5053
4563
3883
1843
337
7333
4373
-8921
6473
6533
8913
9763
7555
1883
-9827
7643
2213
6943
8673
9163
8883
-2808
-501
2773
7303
11297
3913
2743
6863
9643
7003
7973
12071
-4224
2073
9303
8913
6943
6663
8103
5215
5443
1913
2863
2173
8883
-8697
5473
-7763
31989
-6937
9733
1593
4073
3483
5883
1273
1243
1583
1183
-3633
62073
4173
45950
5289
6663
-2118
7383
1243
5193
4703
9963
2893
-4234
6545
-7514
7903
3273
7772
1833
9903
8565
7603
-1122
-5107
-7032
2353
2313
-2978
4203
6523
6043
-5517
3943
1694
-5549
7453
2263
29902
19538
8723
1533
50320
-5766
-8119
-5456
4423
4793
7393
1503
-1812
6853
55087
3313
5963
3993
4993
4813
-3792
-8509
1173
5183
5223
1602
4593
41760
4803
9623
9633
3473
2973
41849
6423
8993
8623
8103
1453
7747
-4107
6073
-5948
5469
3223
5093
4273
12718
7133
6703
-1574
5605
3263
9193
-8098
6573
-6845
3723
-2645
4293
7973
7804
5493
6743
-5195
31129
9893
3543
3533
5003
2773
-4214
3143
3793
7313
1413
-6392
1513
3033
4513
2083
-18076
4873
2263
2853
-6541
-6222
7358
6633
4883
-1921
-8007
2943
3553
1393
8973
6245
-1333
5931
2843
4823
5183
1193
7293
6683
8096
-31293
8112
1355
8723
7333
-4433
1973
6133
5835
6203
6323
20841
4893
5993
9843
6433
7673
40894
4339
2563
6253
69
2903
7683
6773
6753
2353
2453
-4307
2073
-603
5913
9623
6353
-3352
7273
9693
5373
9613
2313
4913
8933
6473
-82802
5033
5003
4313
5583
9503
4243
1969
5343
2984
8543
1283
3803
-72528
2143
3343
8363
3113
2943
9644
6703
5333
7883
-8397
4003
1906
1513
-72057
9823
5023
-90112
7103
-5074
-4445
-2159
2723
7063
-6393
5893
9603
1653
2275
6123
4613
3133
1763
-61252
6123
5363
456
8503
6453
5603
8663
-516
7653
6853
4093
7753
5813
-3219
1153
5463
4283
7928
8673
2083
3904
-8794
8463
2563
1423
8523
2842
50645
7133
4053
8633
-3245
6123
2983
6283
4453
-4553
6913
-8705
6593
-76150
2743
6867
-6237
5743
4393
9233
-58625
7433
2853
3853
7483
8863
1223
9163
4573
3323
6641
2063
5173
2123
8733
9663
2643
-8168
4953
8893
5473
-2864
5423
9303
9723
5383
4983
2243
5973
5061
-34067
-80125
5054
-43056
9363
2713
4533
671
4543
7903
-1312
-6558
-7147
911
2353
1613
5053
8173
-81278
706
-5961
9853
2853
8913
7853
4353
9943
5373
7383
7454
9523
-6365
-39267
-33271
1033
6963
9693
9293
4103
-4221
8213
5753
6473
9793
2638
7973
2453
4483
1473
8913
7623
9183
5113
1573
4131
-25284
-2471
3563
8293
7933
-8185
7543
4779
9118
5671
3703
9483
8997
5743
7653
8703
4183
7363
8163
3043
6693
1263
-16362
9163
-357
-7256
-9965
6863
3073
6203
7489
6973
4613
5743
8803
8483
4043
-9976
6273
3443
4283
2643
5908
3629
-26282
3412
1723
7233
4483
-46006
4673
6923
4403
4773
5618
-4623
43965
5293
4523
5213
1553
6287
9623
1111
3333
7983
-7633
6913
-5168
1393
7299
3093
7613
-3392
7596
3013
4676
3883
9673
7533
3633
2223
-2575
3613
6013
4003
-1435
14482
6883
1873
-6097
4373
8143
6283
7523
3503
-6195
2243
7121
7913
6033
-2546
2143
66
1425
-65716
9591
23004
58914
5153
9213
-3094
-91564
9373
5843
6577
9253
8163
9133
7343
9273
8196
9383
4676
4323
9034
4453
8633
5909
-54756
7473
1023
6503
3933
6463
-67403
1643
6803
9443
2453
8983
6088
3763
5043
-4367
9813
-57112
3883
3453
8913
5213
7553
7473
7463
9033
8063
6163
-61604
6593
3543
1643
9843
4941
1334
-9773
-50609
4374
5023
14861
-436
2193
2993
8973
-8797
-7524
5003
8049
-7622
1073
8773
5549
3213
1983
3053
3513
8833
2993
-32325
8723
7823
3873
1133
1463
1923
4573
6233
53793
1754
3793
4263
2163
8354
7893
8673
9243
6083
8083
6294
2963
-27555
2193
-3073
68723
5963
-52610
5643
25051
1695
6623
765
2663
7073
-5274
1523
6713
4753
4086
1863
2673
6493
8073
-9874
8066
7723
7393
4233
7543
2353
6214
-5868
2953
2343
9153
7903
4543
81861
5143
2833
9724
6153
-9921
7213
6183
3543
-5869
6133
-6394
6033
5143
-2802
7543
-1186
2441
1023
6273
8553
7393
-9414
-9484
8963
7503
8813
2433
7958
1973
5133
6483
8893
-9767
6893
7963
-8551
1433
2484
2889
1503
-7507
2833
1403
7413
9523
5463
-2862
7736
6093
2393
4043
3227
-5256
8073
2178
5973
9643
-6049
8459
7873
3343
-5867
1993
-393
4383
1593
3503
8353
-3557
5953
3083
9603
8518
76812
3223
8623
7103
2813
6893
-147
2543
6303
8733
8553
7543
9638
4993
1503
9153
2483
9783
5133
6263
8723
-60487
5533
3333
3513
6013
1713
2919
5993
2553
-2002
1143
7313
4963
4863
3263
2213
3701
-46728
3763
1629
2093
4933
-2789
63844
8984
5733
8693
-7896
-2668
-57597
2213
7821
-2712
1563
7933
-5786
9022
-6124
2723
4966
9043
4066
-1593
8043
1373
9683
8953
7703
-7226
4187
6473
-633
4603
-7279
519
-8453
5493
65513
-5655
51359
6823
2283
-2878
-2144
8843
8373
5513
8226
-5155
-8086
2633
-53814
8133
9883
9823
3903
2223
7983
3709
-54812
5078
6113
5913
2533
2153
9533
4013
2703
8583
-7214
1063
9073
4463
5943
7663
2693
2023
-4708
4413
7843
3604
-6408
4913
4113
8359
3283
8593
6982
9433
7053
-5078
7183
7443
-30730
9763
3193
2003
4199
6233
-5607
3593
44416
302
1463
-6967
-73893
9781
3413
3413
1203
-2352
3509
-7637
6793
6743
12041
7191
1613
4503
9553
7093
9213
2263
8553
-64
-82220
5293
4783
7713
5203
-8747
2053
3133
-23827
60051
-388
3823
9653
-184
-2594
9663
5573
1662
6823
11526
1123
9233
4153
9303
9913
4213
406
2823
3003
3713
19160
-276
2863
5973
7683
-5975
3464
56427
-1848
6813
-40472
9863
7563
1673
245
-56694
7918
4853
5468
9615
2603
6973
2023
-1615
4663
6493
9933
-243
7973
8773
1663
9943
3943
8153
3043
-8773
9893
3763
4539
3033
6113
4923
3453
6243
-19490
4623
2783
-186
3063
5733
3453
-37047
8293
5353
5023
9533
10637
-40256
3063
4194
3323
-8377
9853
2913
6543
3493
9473
-5494
6883
-2399
3693
1073
2863
8703
5203
6313
-9154
6383
4583
4273
3443
4523
-1191
2643
2413
7503
7243
3123
7653
5093
5701
2363
9733
2043
5405
-1087
8213
3243
-7606
3533
-8528
6679
2623
529
8243
5339
1843
2521
7553
-6667
15557
4494
4943
9133
-25411
1413
9743
3263
5943
-4681
2253
5860
6013
3672
8663
6286
-28931
6013
-14146
-9444
4183
-1717
4213
-53927
1243
7713
4693
2643
8403
5463
-35102
6133
7613
9293
5013
2473
3633
-79359
5213
2833
-2459
6266
1033
6893
9073
2583
6543
8813
698
83805
2763
4033
5513
-624
1113
6563
9533
8503
-194
9473
1393
64170
2233
-5698
2303
1803
6803
4093
5633
-2731
572
4743
-9987
1663
-2967
8923
9643
2403
36873
2712
8913
4633
3843
-1378
3413
6223
41405
6408
3343
5243
1623
61626
4023
7113
2326
9433
2363
2993
-3193
9413
4443
7843
1963
6083
-7386
9803
3838
1673
9361
5258
7213
3293
8583
4943
4509
2603
-4124
5113
9833
8693
-5365
5223
-9563
6243
9663
3393
6813
2359
1693
5367
8783
4603
-6987
9203
7812
9873
7453
-60199
977
9686
367
-4029
6073
-3206
1993
2293
6373
2693
4543
-6791
7623
27015
6093
3833
1513
8723
5303
8303
4903
5813
35962
9773
1523
1573
5733
9073
71439
1763
8913
68870
7213
5123
6653
6553
8303
3403
1666
9173
6723
2873
6243
6283
8607
-2281
-1794
6353
-8824
-3858
9673
6563
6963
-8233
2573
12470
5993
8342
8803
2393
7984
1613
9593
2213
6673
9193
8824
1775
3383
8523
3044
3543
8493
-1788
1593
6853
337
3903
9053
9433
2103
-9563
8513
8923
8813
5728
8073
4433
3013
3412
9563
9533
-7654
2604
8653
8291
7243
4483
7033
3463
-5573
-2056
2603
4193
9793
3933
4122
8163
2525
3683
-838
3133
5813
5659
1193
3733
8957
1723
5673
1463
6163
2672
6993
7753
8896
2993
3988
-58625
-64189
5143
-9786
42758
6053
2453
8193
3223
1363
-9565
3453
8103
1023
3653
3203
8083
6793
7246
7103
9613
8163
7003
9763
22543
-2991
1803
9873
-3646
5103
6053
77616
-7797
48015
8733
7883
7413
5233
6953
8393
6463
2943
7663
8707
8073
4309
-40006
4953
-9989
1883
2412
6073
-1084
39156
1263
8733
-9837
-9678
6713
1653
-8225
7667
-1605
8113
5873
6443
1902
3953
63571
5719
-14884
4633
6773
9733
-16663
8003
8383
6513
9913
-1117
3061
2973
-359
6021
6735
-9163
9987
1593
-75028
6425
1763
50769
8423
7072
6732
2273
9143
4233
-71643
2103
1373
9854
9643
7653
1849
2413
6183
7473
9993
3323
6363
2893
2913
8213
2593
-7167
8547
7043
9183
-71960
-8392
7843
4268
7863
9983
1963
-87929
-3585
7463
8163
1102
5543
8291
5143
-4361
-48648
8013
7543
7253
-26953
8583
1123
3943
7993
2593
5023
3883
9873
2213
1283
7313
4053
9703
2553
9313
3643
46696
1229
8293
-4725
9953
-678
-8004
3573
25700
3503
4503
6936
8153
9953
8003
4284
9013
34077
9963
5733
-8193
6723
9061
8403
6593
9953
8503
8673
8333
4043
6111
9733
-614
1453
3583
6023
4328
7833
6603
-39266
4853
9733
8953
927
8823
8303
68028
9412
9363
-2521
-2147
-15247
8201
3343
9383
1683
-4437
6933
6883
1293
2783
9653
3853
4773
3033
1453
6953
-4524
64105
2719
6113
7943
8473
8273
1663
34
5682
5473
2473
6103
7543
3333
7113
3433
9703
-5906
3943
-9356
4633
6983
8183
8233
-1444
9813
9753
8247
4307
3143
8213
-1149
5678
5778
498
-9381
2367
8298
4833
3213
3653
6243
8853
9733
14718
4363
-4672
-87369
-6375
9703
45583
1783
9933
3263
3153
6133
2923
4566
-1272
8653
3763
9623
7173
-6105
5033
3988
2033
8113
9163
-5741
-41524
9343
-3543
-5915
9693
4621
7973
5703
-61336
9193
5139
5583
679
7633
-1956
-8136
4333
6243
4783
6223
7123
2203
2643
2273
2953
1073
7223
7563
-8506
6438
-6594
74527
2213
2363
8517
-8271
4373
9293
2494
8363
7463
1653
82500
8823
12675
7783
9549
-8414
2489
-87988
8141
6493
2803
4833
6793
3893
6953
3963
9563
1453
1213
1213
8933
5673
1963
8993
-1127
5227
3304
-8294
8469
9153
-22422
1836
4983
3653
5588
7382
-43146
-78003
7353
9243
6363
-5935
-3141
6663
3603
4363
79341
8955
5243
8013
2533
1043
3213
4143
-24754
-6713
1263
2883
5799
3173
-1038
1813
-84681
2743
664
5753
4323
6323
-7289
6693
2493
-1658
84111
6513
6233
7873
4874
6193
7723
7334
78604
-61296
-19512
5453
9673
1413
-1138
7583
9843
1698
8933
663
-2385
-6327
-777
17996
8653
1593
8913
18749
2816
8093
8793
-8327
-81432
4633
9863
3633
3623
8663
-4464
49852
5413
4881
-7805
5483
6393
5543
1753
-8369
4933
1723
4453
5253
7133
3923
5803
3353
8357
7505
9833
3233
3023
6533
4743
9443
5611
3133
1523
7463
-7662
4223
-6753
1563
85943
9533
4903
3103
3713
7473
-3099
-7618
33485
8623
4163
3553
-458
1823
2753
9577
3273
6863
5933
3166
3273
361
425
9013
-2258
-639
6939
5889
4603
67632
5923
1993
8393
5203
6523
6793
5103
3813
1823
-1602
8033
6693
6425
1113
9473
-51022
-5524
-6076
7463
5383
1913
-4594
3473
-36040
4723
9403
-9468
3561
6693
-9731
2157
1723
4063
-3151
9973
-4951
8573
9493
-5616
1313
8503
3563
1233
3613
8613
-6022
44259
6023
8893
3123
-8135
-3413
2091
9514
-9766
7624
4993
-8259
6443
8069
4353
1283
8983
678
-13020
-3504
-6081
3545
73852
59878
4933
9293
8508
4673
-78468
-9792
8683
832
2343
6225
9995
3743
9303
5483
4723
4213
7843
-3354
2263
1103
9283
8933
4423
-3829
6323
5354
2723
17357
2713
5463
-718
8343
92
-6899
-1209
5333
8582
2083
9663
2363
9773
6373
8463
2283
9563
3623
8033
5553
-74549
77790
-2682
6463
3293
1803
6703
4683
3743
4273
8573
-6288
-75168
8793
6153
23571
6649
-6856
6693
5693
3373
3393
5323
3483
4043
8233
3423
76983
4113
3813
3053
7443
9713
2256
-8498
2163
5996
8705
-5133
6353
3055
7863
-5341
-1785
9881
2943
2951
5583
4593
35241
71011
2263
9053
5663
8093
-4107
1143
1153
6723
14405
7943
6453
6403
4373
5573
6983
9043
-16973
8993
11444
3943
2753
-80449
5053
6923
17447
9263
3723
4003
30068
1973
3773
3673
4123
-8269
1503
-1506
7063
1193
9573
5113
-1682
433
94
6724
7484
1263
1103
6063
5463
8263
2083
8343
4943
4153
6463
9097
-3265
2693
6329
85085
18205
7563
2643
8126
-4165
2651
6823
1708
33650
2763
4593
-807
-41931
438
8743
1155
5093
5023
1961
1833
5153
3693
4833
8813
6633
-23986
4963
946
4493
4443
5993
3493
2195
5353
-39497
1503
11386
5783
1203
2503
7553
4025
1363
1533
8373
45952
6838
-91903
-84404
4623
3423
2793
2093
3873
-51805
7133
7282
7623
2229
5773
-9357
8003
2783
9943
-8762
7043
6843
-13775
2603
8303
2813
-9052
2313
7023
9833
8153
594
2893
6633
2113
3343
-44049
6665
-5761
9363
-76446
-4199
7993
-31864
-8406
9453
-2138
3843
655
-1384
8213
49
5843
-4031
-40529
6273
5903
4973
2633
-134
-8725
2353
2453
4243
7393
6823
5473
1363
8943
4742
2743
5973
-1041
9224
7743
1173
-2313
-6044
1053
6113
8913
9513
4353
7909
-1048
6293
5283
-7429
7343
54982
8894
2823
8413
8443
4003
3453
61030
-9748
4001
2913
1873
3064
5713
7373
8782
6853
-4655
5513
-5877
3253
-9187
9263
1173
5421
3663
2423
7182
-25392
-1102
-56437
8973
3958
3394
6923
5863
-5598
9172
7563
4823
-1545
2833
66923
1323
7663
7513
-9121
1683
9773
7889
7453
3583
7343
7563
7263
6083
1683
56864
1733
8343
-6115
-7955
9843
8242
4118
7013
4638
4788
7533
8573
-6176
1573
8563
-345
3682
4709
7233
6523
7413
9653
4926
4073
3943
67804
1153
24595
8973
5222
-6984
-33005
-6275
-635
4313
9183
4583
7953
-91040
8393
1603
-5262
-1522
2033
5857
7983
7916
7377
6993
17785
1623
7906
6383
4183
-7433
8163
3293
1823
3443
9093
1783
76176
1546
4543
6563
6533
3707
5753
-3379
1193
6967
4213
-49778
3463
3693
8243
7733
4183
7923
-23750
5379
6063
5653
5913
7917
-47965
1543
8243
3875
6463
4773
6413
6183
5523
1623
7193
7793
7163
3843
9263
1503
5963
5442
4883
6889
9253
1353
8415
-48
9323
7156
3503
5983
4483
-2357
3807
-5246
8073
4185
4953
-8777
2963
5243
8313
-5909
-7691
6253
8063
7274
9533
5213
89370
9743
5683
46742
9923
462
4233
3233
8353
1403
4953
9603
-3877
7093
9826
6713
2553
-4844
47728
-4147
3803
-4584
6583
8023
-4744
8643
5353
5813
2733
7583
2673
6953
7253
9253
1913
-7296
6403
4733
2103
2473
-18644
5563
6573
9513
4613
33
7043
7483
3363
9373
2643
4433
9493
-6259
7123
7137
1385
1103
6673
-1823
5263
5328
3083
2397
7043
2542
12247
7333
8453
3063
9903
5223
9213
6293
-8162
6443
8353
2803
82966
9473
3843
6443
-9254
1133
3204
3363
9658
-5904
5739
2953
5773
9903
-1829
9503
2083
-2114
9193
7913
9594
6816
-7643
-7803
-63175
3123
9912
5913
-1894
8288
4893
8613
4303
6393
1433
7443
8873
7873
2843
3703
1923
7193
-1843
8753
9683
23316
-21791
3083
6043
6553
5403
2133
-3382
5733
9343
8563
4993
1753
2749
6463
-8685
6353
5963
2753
4693
1923
8243
2493
285
-1861
5447
1243
2123
6128
9073
9843
6723
1043
-5924
4923
6293
8503
6343
10106
7663
-8219
-5865
3243
1653
4053
-1952
6573
3843
2823
5803
5963
8793
2843
7753
6883
5373
9098
6623
-2323
-8769
4933
8063
4983
1933
9293
3003
9693
-9889
5293
-8782
9383
-6664
2673
5583
7613
-5783
48311
-6633
6043
1833
8913
1843
7543
-9936
-8828
4713
2143
9033
-43343
6163
4083
2417
4393
6773
9677
6203
8031
6183
2373
2753
4853
-22242
8848
9883
1223
1823
5323
3403
3948
-7583
3869
3934
-3383
9963
6533
1543
1623
-74920
3043
3222
6943
20843
-5033
8113
9463
1773
5193
4423
8532
7327
7773
5903
9603
9723
3803
-2862
5443
5234
7823
2963
7183
-8282
4013
9363
9263
8458
43198
5143
1623
7443
-9535
3883
49446
9223
-368
9168
1523
-3599
4883
2373
2993
8223
3003
-106
4933
9243
1433
5683
-64691
7304
6602
-47548
2143
3133
8963
1981
3613
3073
3763
-16587
6433
-222
-24620
1243
6213
-77661
9573
5403
4443
8343
2453
2923
2993
5693
5243
7983
-4996
-17462
3153
8163
4643
-8543
-6783
2193
-2882
7343
5993
8343
-4175
1723
1503
3893
8543
1453
9378
6123
1773
3103
5083
38501
7033
5723
3163
-1603
12278
-74658
3189
6723
-622
7396
-7106
7179
5013
-82241
9703
8863
9203
7364
2593
-3286
38256
3883
8803
-1649
77913
7823
-6946
8803
50554
712
1913
2183
9173
1631
27498
-6856
-1826
2223
6723
7213
7511
-48506
-80931
8213
8803
2713
6243
9523
5083
4993
9833
4916
-2859
8103
-7312
1723
4093
2173
26435
19926
9453
1703
1122
-8585
4223
-7492
4813
8213
9603
7653
21459
3
5285
5198
4922
1033
-6203
-8026
-21540
33
60509
7183
9753
2443
8493
7113
1433
5262
-4891
-6535
6483
1415
4733
8993
7203
7903
1863
5763
958
8943
3742
5333
3403
-1617
3753
-5572
7713
3033
1273
9553
8143
3924
6231
5273
7623
1893
-1644
9064
4542
2043
9733
8103
3533
2049
6044
1143
-9551
3963
89232
-7408
2003
2133
8708
8643
6913
5713
9243
7676
79701
8163
-7757
4423
-46121
5073
3743
3473
-3673
8803
-77991
1923
2443
1963
5623
5213
9641
32207
6393
2693
8413
4746
6823
6553
9323
-2444
-5566
2919
1323
-8253
9073
4533
969
5747
1363
2183
4048
8893
2876
-4546
3333
-296
43879
4513
9731
6983
-9771
-33088
5612
7003
9343
4813
4793
2363
9713
-90630
8713
5343
-72917
6843
4923
9643
6293
1993
8613
9233
-3724
-35007
8673
9303
2963
-1842
8363
-23762
5502
4373
-5934
9185
9693
7783
6593
6653
3623
2891
-8061
-3794
5293
5405
9895
6015
7573
8503
8623
1923
38484
2713
9573
1883
9733
3243
188
-33919
-4481
6503
9463
55647
9863
69543
2584
1113
8296
-5605
1173
-7287
3233
2793
3574
1003
17736
5983
3443
4724
8453
8183
2943
1223
8373
6263
-86567
8933
5663
9133
4963
5993
5193
8324
3393
3166
4853
3353
2432
7163
-3886
-1002
2943
5273
-7663
1473
1113
-6041
6964
3893
-956
3347
-58862
4386
7273
1592
9816
6193
6633
6105
-3001
-982
8723
1663
-88622
6703
7253
8183
8193
3284
-25533
1313
9953
6033
7043
7343
-9222
-3708
3873
-1903
6393
3043
3423
1143
4013
9813
-9242
6933
9173
9513
4586
9493
8483
3893
7609
-7649
56449
8423
4303
-6215
3903
4993
1483
8133
4413
7613
3993
9863
7783
-8953
-1872
-2847
4893
5373
3963
40830
9763
6963
-4234
-2214
-28349
9743
3705
9827
2047
1593
8633
-4888
-49047
9643
4543
4643
7613
5053
-70468
-9425
5673
9833
-9895
2223
7843
1763
3163
4348
3873
-69238
1313
-8416
7545
7333
1533
8851
5733
8543
3733
4973
4673
3913
9123
2973
9723
7212
5473
4483
7773
5583
-57269
1283
64391
